$ 3 5.0E-6 10.20027730826997 50 5.0 43
v 920 72 816 72 0 0 40.0 5.0 0.0 0.0 0.5
w 816 72 816 192 0
w 816 192 784 192 0
w 816 192 816 232 0
w 816 232 784 232 0
x 446 133 557 137 0 16 sensor_power
x 702 265 761 271 0 24 Pin 3
174 40 152 72 200 0 2000.0 0.5 Resistance
w 72 176 72 216 0
w 72 216 88 216 0
w 40 152 40 144 0
w 40 144 88 144 0
g 40 352 40 384 0
w 40 240 40 200 0
g 960 72 1000 72 0
w 920 72 960 72 0
x 91 201 187 205 0 16 water_signal
r 72 240 72 296 0 10000.0
w 40 240 40 352 0
w 72 240 72 216 0
w 72 296 72 352 0
w 72 352 40 352 0
w 88 216 208 216 0
d 208 216 264 216 1 0.805904783
s 696 232 784 232 0 0 false
w 264 216 624 216 0
w 624 216 624 232 0
w 624 232 696 232 0
r 688 96 608 96 0 1000.0
t 608 96 568 96 0 1 -0.02643598954410198 0.6001985622790817 100.0
w 680 56 816 56 0
w 816 56 816 72 0
s 688 192 784 192 0 0 false
w 688 96 688 192 0
w 568 80 568 56 0
w 568 56 680 56 0
w 88 144 568 144 0
w 568 144 568 112 0
t 256 40 256 72 0 1 0.5679082831563118 0.5811207038639409 100.0
g 240 72 192 72 0
r 272 72 360 72 0 10000.0
w 360 72 536 72 0
w 536 72 536 56 0
w 536 56 568 56 0
r 256 40 184 40 0 10000.0
w 184 40 88 40 0
w 88 40 88 144 0
x 238 283 388 287 0 16 NOT sensor_power
t 368 336 368 368 0 1 -4.962053830798109 0.013212420587991009 100.0
t 440 336 440 368 0 1 -1.673328142715036E-12 0.024733748492589136 100.0
w 424 368 384 368 0
g 352 504 352 528 0
w 816 368 816 232 0
w 272 72 272 336 0
w 272 336 368 336 0
w 440 336 440 312 0
r 440 312 440 264 0 1000.0
w 440 264 624 264 0
w 624 264 624 232 0
r 352 400 352 472 0 1000.0
w 352 400 352 368 0
w 352 504 352 472 0
w 456 368 816 368 0
d 352 400 424 400 1 0.805904783
t 544 432 544 480 0 1 -4.9014604542614855 0.09853954519174213 100.0
w 528 480 416 480 0
w 416 480 416 472 0
w 416 472 352 472 0
r 480 400 544 400 0 1000.0
w 544 400 544 432 0
w 480 400 424 400 0
181 632 480 728 480 0 300.02563867369406 100.0 120.0 0.4 0.4
w 816 368 816 480 0
w 632 480 560 480 0
d 664 536 752 536 1 0.805904783
w 664 536 632 536 0
w 632 536 632 480 0
w 752 536 752 504 0
w 752 504 728 504 0
w 728 504 728 480 0
162 816 512 816 568 1 2.1024259 0.0 1.0 0.0
w 816 512 816 480 0
r 816 568 744 568 0 300.0
w 744 568 632 568 0
w 632 568 632 536 0
r 728 480 728 432 0 100.0
w 728 432 776 432 0
w 776 432 776 480 0
w 776 480 816 480 0
x 29 581 421 587 0 24 PlantBartender analog simulation
x 658 429 706 433 0 16 motor
